26
13
0	1	30	0	15
1	1	28.2818	0	21.9708
2	1	23.521	0	27.3448
3	1	16.8081	0	29.8906
4	1	9.68093	0	29.0252
5	1	3.77234	0	24.9468
6	1	0.435873	0	18.5897
7	1	0.435873	0	11.4103
8	1	3.77234	0	5.05316
9	1	9.68093	0	0.974756
10	1	16.8081	0	0.109367
11	1	23.521	0	2.65524
12	1	28.2818	0	8.02915
13	1	40	0	15
14	1	37.1364	0	26.6181
15	1	29.2016	0	35.5746
16	1	18.0134	0	39.8177
17	1	6.13488	0	38.3754
18	1	-3.71277	0	31.5781
19	1	-9.27355	0	20.9829
20	1	-9.27355	0	9.01711
21	1	-3.71277	0	-1.57807
22	1	6.13488	0	-8.37541
23	1	18.0134	0	-9.81772
24	1	29.2016	0	-5.5746
25	1	37.1364	0	3.38192
0	0	24
1	1	16
2	2	17
3	3	15
4	4	17
5	5	17
6	6	17
7	7	21
8	8	23
9	9	24
10	10	21
11	11	25
12	12	25
